9105
1045
4106
4904
6863
5879
9271
6022
4935
6051
4461
4038
6380
2851
6171
7859
2395
8030
3500
3338
5320
415
7776
3024
7847
1094
4653
843
9894
1354
7468
6106
6580
9115
2242
1223
621
6076
6186
109
4153
9858
3614
2724
9638
5774
4630
9839
6222
9696
9717
4911
3306
1954
1789
7551
3141
6280
3385
3436
2865
9722
9848
4420
839
1585
3150
8053
378
6368
1707
8042
5341
6232
3406
2837
1122
110
3703
453
5311
1999
7908
8368
3263
2637
2109
7369
218
9963
4349
2703
262
7207
5618
2720
2723
638
8989
3077
542
93
2965
8469
7995
9340
6094
9431
929
6311
158
4487
175
8252
8661
7391
2490
3933
624
4257
4311
7583
8911
6945
3636
4725
5951
7179
6214
6039
8388
5818
6641
1968
8516
5111
4780
1363
4811
2237
4014
4391
6975
5924
8352
2963
6614
2160
2339
1381
8818
276
4316
7
4143
3321
1035
6157
4061
5576
7381
1757
493
2394
5531
1831
5023
8402
3355
6509
9129
4559
7970
5191
2646
2172
275
9613
2796
9041
8761
7944
6270
2551
992
825
7688
3200
638
2151
1737
9693
92
1647
6856
7722
9169
7836
5447
9160
723
8160
1831
1990
8195
291
7645
3601
1864
2820
3725
2159
9592
3785
6218
7468
2235
1381
1751
9123
3371
9834
203
3357
6258
6715
1419
8955
293
4346
6535
8452
547
399
6556
6284
9679
2854
9202
8536
4920
669
9885
2010
907
150
417
4229
3581
4342
5717
9013
3202
1149
5468
9803
3035
3850
3660
5021
5393
241
2135
462
14
7426
7671
3534
6265
9690
9300
7185
3759
9597
9361
6989
6204
6616
6476
4942
7859
4097
4844
4810
8205
6348
6179
6939
406
1785
6419
2229
4372
3042
9807
9702
2024
1494
9627
7098
5273
3859
7835
6252
2297
8947
7837
7588
3302
7032
9927
5097
4489
4756
3308
2113
9876
3946
3059
7904
5959
3403
913
1131
9571
1990
53
7042
8898
6920
3446
1861
7895
1373
662
8053
7818
7679
6722
4502
4877
50
7071
6805
8070
752
6845
1217
6634
1080
2846
234
7232
9301
4049
8900
3424
8290
5006
4887
79
2023
4161
6475
2024
2380
7767
3669
6251
8234
9870
5772
1184
949
3128
8923
291
9991
6104
8172
6762
5207
1834
7689
1947
8624
2676
2508
2179
1514
8166
1017
6205
3578
7331
7954
7445
4657
1823
2552
812
9182
4366
6435
1990
5570
1667
7846
8568
4314
5157
9034
7059
7127
1652
110
8524
947
3654
959
7526
4510
4977
2784
1867
1812
9298
7538
2591
3298
2162
4070
5701
6123
5238
1064
2932
9505
1076
468
5136
9648
1107
4331
5960
1507
8444
6533
4877
8647
9455
4152
7580
274
1735
2361
8014
4615
9081
4916
2968
6317
8233
8156
3974
4384
413
203
9202
31
5880
7700
4007
4110
9043
9926
4361
3757
4852
1349
5572
892
918
7604
3309
9779
3984
8161
7874
5109
7823
1478
560
5933
415
7131
1279
343
2005
3246
1120
346
5764
9053
3592
6535
2865
4256
2223
3330
6209
8349
9817
5
1420
7407
2288
9186
1907
4000
7454
4831
5885
9089
5339
8451
2049
1773
6467
7789
6538
6781
8616
4740
6936
7190
4592
658
2932
3657
9162
1306
6602
6239
3330
8519
8166
8899
2893
2725
9203
7361
6308
3286
4330
8915
132
7646
444
3182
6674
8085
5500
3583
87
8361
8356
9744
3824
2542
4070
9341
7591
7061
3785
4622
6024
5946
507
6207
6918
1464
5697
8830
2542
3452
5472
4070
9469
2409
4470
7529
807
2735
6500
5932
196
3155
2452
4710
3775
6357
6636
3839
7931
6313
614
9257
4250
104
6354
9056
7612
266
2571
5857
2830
7160
8844
6823
4673
9509
6340
5560
3143
2659
3765
7379
3359
4782
4471
4694
6232
3217
2861
7084
680
3516
4256
5964
5980
779
2993
8385
4972
9695
1107
1590
1724
9131
5779
8376
2829
3953
8951
2793
5565
7623
7326
9221
7710
6561
9211
3260
2061
7972
7307
1754
1820
3209
7406
2029
8606
4359
4832
3471
1863
362
3112
69
571
327
417
4087
1978
2599
5283
7567
3705
534
5040
2369
143
5150
3344
4948
6329
6516
2784
3485
2603
1064
4318
3629
7802
1957
7113
2034
2734
5301
2578
4311
6477
8182
4921
1597
1110
2920
2485
66
8473
8521
657
3680
5614
9012
1229
5224
5945
4327
3477
5651
462
9845
1689
148
295
2479
1671
529
5809
5443
7899
9915
1045
7964
9753
9637
602
8576
4399
3919
4029
1665
4521
2257
9145
9451
5018
2958
8711
6354
2435
8358
7292
7973
5123
3298
9022
3694
9643
3247
4832
5432
3895
7793
6782
4300
6822
3958
8842
4241
8613
2165
1717
9565
3011
5291
346
3551
8321
8696
7344
9782
3232
8589
557
7475
5227
6013
1856
1449
6975
984
8841
4542
8817
3066
8612
407
8547
963
781
7660
8538
9106
9564
975
8488
4322
4093
2282
3988
7990
834
605
7053
4214
5642
9577
5729
7431
3183
7406
1980
516
8986
4172
8983
4136
7114
4884
7026
6050
1337
363
7525
2348
7043
4288
617
6848
4386
9965
2166
4720
5268
8460
1456
2200
2048
2030
264
4376
791
2748
3685
1686
8271
1910
6532
7572
9477
6155
5400
4861
6106
4200
7391
6212
2609
9473
9459
319
7910
5962
1645
8336
5126
5904
3208
7697
574
8590
4149
6767
2135
6983
9461
9391
4192
9615
156
3847
2833
5313
7271
3975
4019
200
5777
7675
170
3176
5401
1148
3326
9242
9414
5307
1351
13
7035
2282
1518
2061
4644
8373
3635
3460
7460
2224
665
379
1356
8950
1555
2385
5409
9891
5943
2184
3897
8141
9279
6437
5730
708
1555
7586
9535
9971
6048
1450
3615
2431
4539
3143
3337
4710
3773
8212
8320
1023
9423
1296
9563
5599
2498
6732
6266
4786
6425
6798
3544
5951
5635
5253
2713
7382
4326
1067
7926
5264
1187
2195
910
5646
1192
3349
2941
8652
5855
2952
402
6205
1244
9134
4107
2046